13
Pocillopora_damicornis_Uncharacterized_protein_A0A3M6TW66    0.0000000 4.7049769 4.6996125 5.1987502 4.3120406 2.3296934 4.5252592 3.0382452 3.0086524 4.9051883 3.0538220 4.4063445 4.5857437 
Strongylocentrotus_purpuratus_Uncharacterized_protein_W4Y9R3 4.7049769 0.0000000 1.1752031 0.9725563 2.0113201 4.0537748 2.2985489 2.4872312 2.4335561 1.7371026 2.3465447 2.5918100 2.3697665 
Strongylocentrotus_purpuratus_Uncharacterized_protein_W4Y9R4 4.6996125 1.1752031 0.0000000 0.1974406 2.1965060 3.7677102 2.3732269 2.0860102 2.0594671 1.8260172 2.0511270 2.6276903 2.4734321 
Strongylocentrotus_purpuratus_Uncharacterized_protein_W4Y9R5 5.1987502 0.9725563 0.1974406 0.0000000 2.0733214 3.4469036 2.1390039 2.0522412 2.0363809 1.8197945 1.9280053 2.4403137 2.0971745 
Strongylocentrotus_purpuratus_Uncharacterized_protein_W4Y2F2 4.3120406 2.0113201 2.1965060 2.0733214 0.0000000 3.6356625 1.9324201 2.1557428 2.1095679 1.7060332 2.1658828 2.4072966 2.1737068 
Nematostella_Vectensis_XP_032221280.1                        2.3296934 4.0537748 3.7677102 3.4469036 3.6356625 0.0000000 3.2831655 2.8726710 2.8997401 2.8256733 2.7990715 3.4533810 3.6162227 
Strongylocentrotus_purpuratus_Uncharacterized_protein_W4Y9R6 4.5252592 2.2985489 2.3732269 2.1390039 1.9324201 3.2831655 0.0000000 2.3422321 2.3139582 1.5194824 2.1278199 2.4711081 2.1199431 
Nematostella_Vectensis_XP_032222764.1                        3.0382452 2.4872312 2.0860102 2.0522412 2.1557428 2.8726710 2.3422321 0.0000000 0.7248395 1.1175843 1.0633876 2.2370337 2.0765291 
Nematostella_Vectensis_XP_032222765.1                        3.0086524 2.4335561 2.0594671 2.0363809 2.1095679 2.8997401 2.3139582 0.7248395 0.0000000 1.3560079 1.0775097 2.2953176 2.0714294 
Pocillopora_damicornis_Uncharacterized_protein_A0A3M6UTH0    4.9051883 1.7371026 1.8260172 1.8197945 1.7060332 2.8256733 1.5194824 1.1175843 1.3560079 0.0000000 0.8040717 1.8309497 1.7086010 
Pocillopora_damicornis_Uncharacterized_protein_A0A3M6TWE4    3.0538220 2.3465447 2.0511270 1.9280053 2.1658828 2.7990715 2.1278199 1.0633876 1.0775097 0.8040717 0.0000000 2.3190267 2.1577732 
Homo_sapiens_C-type_mannose_receptor_2_Q9UBG0                4.4063445 2.5918100 2.6276903 2.4403137 2.4072966 3.4533810 2.4711081 2.2370337 2.2953176 1.8309497 2.3190267 0.0000000 1.6490408 
Homo_sapiens_Macrophage_mannose_receptor_1_P22897            4.5857437 2.3697665 2.4734321 2.0971745 2.1737068 3.6162227 2.1199431 2.0765291 2.0714294 1.7086010 2.1577732 1.6490408 0.0000000 
